race_node:
  ros__parameters:
    reverse: false
    laps: 3
    log_frequency: 5

    p0: [0.687, 29.762, -2.919]

    use_p1: true
    use_p2: true
    use_p3: true
    use_p4: true

    p1: [-3.02587, 29.122, -1.67626]
    p2: [-3.87138, 24.9008, -2.98308]
    p3: [-6.02981, 28.1499, 1.6275]
    p4: [-0.558378, 29.5113, 0.126286]

    p1_reverse: [-3.02587, 29.122, -1.67626]
    p2_reverse: [-3.87138, 24.9008, -2.98308]
    p3_reverse: [-6.02981, 28.1499, 1.6275]
    p4_reverse: [-0.558378, 29.5113, 0.126286]
